3,2
3,1
3,3
10,199
10,138
10,277
10,87
10,23
10,216
10,108
30,3
30,1
11,28
11,26
11,25
11,24
11,23
11,22
11,20
11,19
11,18
11,16
11,15
11,14
11,13
11,12
11,9
11,8
11,7
11,6
11,5
11,4
10,313
11,29
10,309
10,306
10,304
10,298
11,21
11,11
10,295
10,290
10,289
10,288
11,27
10,283
11,17
11,1
11,10
11,2
11,3
9,4
9,6
9,3
10,279
8,8
8,18
8,17
8,10
8,2
8,3
10,274
10,271
12,2
12,1
12,3
10,267
10,265
10,261
10,254
10,253
10,249
10,247
10,241
10,240
10,236
10,235
10,234
10,232
10,228
10,225
10,224
10,220
10,218
10,212
10,209
10,207
10,204
10,202
10,200
10,198
10,194
10,191
20,2
20,1
20,3
10,190
10,180
10,179
10,176
10,175
10,172
10,171
19,2
19,1
19,3
10,167
